12
5635
1933
8087
5850
4798
3502
8959
8228
7466
1741
8589
7105
5135
3039
149
914
3644
1473
1658
9885
4456
1190
46
89
3778
5316
5711
6017
6071
1662
6630
4507
3521
570
6076
7833
8026
5198
3019
8759
7266
9559
9257
5393
1423
4620
2353
8622
2096
7796
8436
9967
9996
6114
3924
2662
2972
8401
237
3758
926
6772
562
87
9187
2758
2728
5879
6911
8376
7264
4849
2053
7437
4684
4579
9491
7444
1082
5990
3852
7350
6089
5724
3613
1515
2251
4251
8028
5171
9899
7515
3455
1689
6573
4918
635
6997
5048
1474
9495
1415
9051
6928
3030
4265
703
9666
6831
1532
8772
8216
5820
1913
1778
8171
4752
1555
5039
7320
4055
2795
5687
6822
7558
7219
4752
1230
3678
8346
350
5170
6629
4262
1046
9493
9213
5495
3459
4717
3749
8469
3168
4560
2718
9829
2977
7391
5672
1959
7613
8394
3976
5009
8901
274
9946
5725
505
5313
1940
8430
6267
6576
1978
8421
1233
1099
7431
3140
9410
2860
3363
1402
7330
8346
7079
6002
7472
2527
1444
16
610
8062
8526
2105
1156
5532
142
1137
4545
7522
6861
5434
738
4367
2019
6962
2903
4366
2324
5778
5325
6286
1601
5041
9630
6957
9248
1899
3359
1783
9951
4574
9980
975
6251
943
4377
9315
484
8946
2900
2273
7690
4107
2019
6280
6041
4516
4663
5978
6347
8547
8287
6247
7209
5657
3751
1842
7379
5551
9050
2428
1889
6047
6985
5846
3512
4944
803
7407
6120
6203
6911
8045
1491
5760
8677
9115
6147
7276
432
6677
9765
3150
5692
3058
1739
1085
8690
8512
7443
1548
3269
793
766
6409
8200
5450
4482
4089
2987
4655
5012
1526
3230
7379
3138
8266
9590
8733
7250
3000
9439
1272
657
7849
5245
6096
9561
722
8756
6538
3221
1048
5050
2270
2902
9199
5511
6628
1145
4925
3791
4968
7933
5092
3823
6881
5321
6062
3951
58
7078
1006
6230
8632
4915
7473
4969
3801
7853
5528
3570
9557
6308
1765
3742
1316
7432
9517
6119
278
3298
559
6392
1316
8470
8643
5968
7216
8539
146
1264
7079
6171
2175
659
1689
6241
3409
3194
3675
6610
8023
8068
5265
6111
7981
9006
1448
6301
4024
2537
1365
8551
661
4278
5733
3022
5480
2255
3113
1106
8080
1347
2842
7881
8952
7896
7437
6152
3611
8566
2284
8635
2294
2495
5424
9848
538
814
5246
4268
946
2587
8915
2327
1465
1250
9316
801
470
587
3364
9147
3986
4327
9461
8371
5342
8420
6935
3976
2591
43
5255
9548
3986
2410
5855
2551
6840
9452
4354
8902
71
9409
6015
7861
5766
1424
2223
3830
42
4179
822
6599
8550
648
8110
6620
6914
8026
5301
6856
1427
6895
7278
7777
310
8686
6445
7065
854
5519
9479
587
2749
1451
9817
6199
2922
9224
3675
6945
2186
1559
2405
5214
9022
1064
9026
4417
801
7820
1717
9743
7758
8703
2106
4566
37
7506
1140
4047
3111
9926
385
2520
1892
2476
1535
6203
8853
9390
1956
7796
6455
6567
9091
4554
9212
6641
1507
6363
5695
4220
9430
5405
5785
5364
2552
3969
3502
366
7952
1965
702
3894
5907
709
1976
1558
6443
4543
6042
6973
4412
6844
3965
8357
5922
1995
9494
8760
3917
9874
1853
8957
5744
4420
6273
7085
496
2855
2602
4076
8953
7101
7284
8960
3935
3974
9038
3086
3881
5705
3535
7336
7453
7363
7394
1393
2001
2725
6804
9111
3678
5176
1093
9074
2030
5179
6548
4385
6876
904
795
757
278
3550
3072
6972
1426
3948
678
6757
7249
1987
6940
6157
6548
5439
983
5453
496
9745
4640
9699
7278
5309
6799
6928
3721
3886
499
8097
1695
608
3105
7844
2124
3219
4846
91
4398
5078
6059
7585
4010
3498
8426
9423
6233
9972
534
5628
8635
3867
3064
2842
267
6125
3911
186
310
4557
8579
9367
4018
7272
6115
8083
8754
5825
5950
790
7931
4622
5906
5894
5692
8160
6727
3435
102
2673
3415
2320
7710
3717
8698
1168
7255
6289
8939
1830
5355
9020
7800
9652
1973
9015
7974
9533
8488
8903
6287
1854
6169
2649
2506
7322
7881
1709
7138
4809
814
8065
8553
1246
3074
5733
4729
7620
1918
7277
9950
153
6476
6916
1741
721
2749
6766
8389
5566
3712
7795
2325
6382
2316
2045
9710
2817
228
7692
1518
469
92
3485
6438
3432
4145
4165
906
5451
6992
3379
6575
8762
5354
5700
539
4657
2599
4268
8633
4865
874
5658
7094
7784
8642
8505
2930
8643
6449
7468
8286
7656
8719
9083
9125
5219
4401
1076
3540
8230
4277
1698
8
6574
7735
637
898
3856
6838
8076
1540
1428
484
3461
185
9784
6476
536
9141
6374
4317
210
2425
3919
6540
7818
228
8260
1384
6342
5504
9834
4634
2147
3006
7821
3425
4806
6080
1025
9844
7558
1508
4564
7116
9987
7755
6416
6212
9461
6881
2898
5671
2903
5482
7123
2464
5466
4926
9520
6698
7651
6233
4457
7987
7455
9889
2046
6294
9098
5912
9183
5055
4893
4497
8893
9403
1829
2519
2030
7304
9411
6250
413
6413
345
5563
5444
4463
613
9960
1277
6009
503
1727
6602
3324
3159
6535
4105
4275
2216
6785
1664
4975
5076
8027
4350
45
3394
3758
1285
8273
7332
8911
6433
6505
5144
7339
7371
9570
4658
3632
1121
9046
8212
4547
1086
8694
7613
391
4166
9361
677
1648
2112
1169
5911
1183
6182
5800
6902
7315
9156
6697
2985
8088
3781
9974
7725
2044
1705
3882
1812
5809
1956
9601
1902
3817
3039
1208
1981
462
7711
7610
8810
17
4486
4263
8015
4613
4948
7493
2385
5594
927
9220
8938
8570
596
4908
6320
7472
7560
2557
9099
7919
1996
5528
512
5221
7903
7041
240
7317
5533
9142
8755
7969
3054
3949
4818
525
6519
8
7685
7561
2197
1547
575
6706
326
3458
6978
7981
4362
9817
6355
2952
4769
8743
792
1009
1432
1430
9179
3087
3738
